1
3
23
11
68
4444
1
3
23
11
68
44441
3
23
11
68
4444
1
3
23
11
68
44441
3
23
11
68
4444
1
3
23
11
68
44441
3
23
11
68
4444
1
3
23
11
68
44441
3
23
11
68
4444
1
3
23
11
68
44441
3
23
11
68
4444
1
3
23
11
68
44441
3
23
11
68
4444
1
3
23
11
68
44441
3
23
11
68
4444
1
3
23
11
68
44441
3
23
11
68
4444
1
3
23
11
68
44441
3
23
11
68
4444
1
3
23
11
68
44441
3
23
11
68
4444
1
3
23
11
68
44441
3
23
11
68
4444
1
3
23
11
68
44441
3
23
11
68
4444
1
3
23
11
68
44441
3
23
11
68
4444
1
3
23
11
68
44441
3
23
11
68
4444
1
3
23
11
68
44441
3
23
11
68
4444
1
3
23
11
68
44441
3
23
11
68
4444
1
3
23
11
68
44441
3
23
11
68
4444
1
3
23
11
68
4444
